1.000000  -0.434054 0.007576 -2.462019
2.017000  -0.433851 0.015279 -2.462019
4.051100  -0.433036 0.030669 -2.462019
6.085200  -0.431674 0.046020 -2.462019
8.119300  -0.429769 0.061313 -2.462019
10.153400  -0.427322 0.076529 -2.462019
12.187500  -0.424336 0.091648 -2.462019
14.221600  -0.420816 0.106652 -2.462019
16.255700  -0.416765 0.121521 -2.462019
18.289800  -0.412189 0.136237 -2.462019
20.323900  -0.407094 0.150782 -2.462019
22.358000  -0.401485 0.165136 -2.462019
24.392000  -0.395371 0.179282 -2.462019
26.426100  -0.388759 0.193202 -2.462019
28.460200  -0.381656 0.206879 -2.462019
30.494300  -0.374073 0.220296 -2.462019
32.528400  -0.366018 0.233434 -2.462019
34.562500  -0.357502 0.246279 -2.462019
36.596600  -0.348535 0.258813 -2.462019
38.630700  -0.339129 0.271021 -2.462019
40.664800  -0.329295 0.282887 -2.462019
42.698900  -0.319047 0.294397 -2.462019
44.733000  -0.308397 0.305536 -2.462019
46.767000  -0.297358 0.316289 -2.462019
48.801100  -0.285944 0.326644 -2.462019
50.835200  -0.274170 0.336588 -2.462019
52.869300  -0.262050 0.346107 -2.462019
54.903400  -0.249600 0.355190 -2.462019
56.937500  -0.236836 0.363826 -2.462019
58.971600  -0.223773 0.372003 -2.462019
61.005700  -0.210428 0.379711 -2.462019
63.039800  -0.196818 0.386941 -2.462019
65.073900  -0.182960 0.393683 -2.462019
67.108000  -0.168871 0.399929 -2.462019
69.142000  -0.154570 0.405671 -2.462019
71.176100  -0.140074 0.410901 -2.462019
73.210200  -0.125401 0.415614 -2.462019
75.244300  -0.110570 0.419803 -2.462019
77.278400  -0.095599 0.423463 -2.462019
79.312500  -0.080509 0.426590 -2.462019
81.346600  -0.065316 0.429179 -2.462019
83.380700  -0.050042 0.431227 -2.462019
85.414800  -0.034704 0.432731 -2.462019
87.448900  -0.019323 0.433690 -2.462019
89.483000  -0.003917 0.434103 -2.462019
91.517000  0.011493 0.433968 -2.462019
93.551100  0.026889 0.433287 -2.462019
95.585200  0.042251 0.432059 -2.462019
97.619300  0.057560 0.430288 -2.462019
99.653400  0.072797 0.427973 -2.462019
101.687500  0.087941 0.425120 -2.462019
103.721600  0.102975 0.421731 -2.462019
105.755700  0.117879 0.417810 -2.462019
107.789800  0.132635 0.413362 -2.462019
109.823900  0.147223 0.408394 -2.462019
111.858000  0.161626 0.402911 -2.462019
113.892000  0.175825 0.396921 -2.462019
115.926100  0.189802 0.390430 -2.462019
117.960200  0.203541 0.383447 -2.462019
119.994300  0.217023 0.375981 -2.462019
122.028400  0.230231 0.368041 -2.462019
124.062500  0.243150 0.359637 -2.462019
126.096600  0.255761 0.350780 -2.462019
128.130700  0.268051 0.341481 -2.462019
130.164800  0.280003 0.331752 -2.462019
132.198900  0.291601 0.321604 -2.462019
134.233000  0.302833 0.311051 -2.462019
136.267000  0.313682 0.300107 -2.462019
138.301100  0.324136 0.288784 -2.462019
140.335200  0.334182 0.277097 -2.462019
142.369300  0.343807 0.265061 -2.462019
144.403400  0.352999 0.252691 -2.462019
146.437500  0.361745 0.240002 -2.462019
148.471600  0.370036 0.227011 -2.462019
150.505700  0.377860 0.213734 -2.462019
152.539800  0.385209 0.200187 -2.462019
154.573900  0.392071 0.186388 -2.462019
156.608000  0.398440 0.172354 -2.462019
158.642000  0.404306 0.158104 -2.462019
160.676100  0.409663 0.143654 -2.462019
162.710200  0.414504 0.129023 -2.462019
164.744300  0.418823 0.114229 -2.462019
166.778400  0.422613 0.099291 -2.462019
168.812500  0.425871 0.084228 -2.462019
170.846600  0.428592 0.069059 -2.462019
172.880700  0.430773 0.053803 -2.462019
174.914800  0.432412 0.038479 -2.462019
176.948900  0.433505 0.023107 -2.462019
178.983000  0.434052 0.007705 -2.462019
181.017000  0.434052 -0.007705 -2.462019
183.051100  0.433505 -0.023107 -2.462019
185.085200  0.432412 -0.038479 -2.462019
187.119300  0.430773 -0.053803 -2.462019
189.153400  0.428592 -0.069059 -2.462019
191.187500  0.425871 -0.084228 -2.462019
193.221600  0.422613 -0.099291 -2.462019
195.255700  0.418823 -0.114229 -2.462019
197.289800  0.414504 -0.129023 -2.462019
199.323900  0.409663 -0.143654 -2.462019
201.358000  0.404306 -0.158104 -2.462019
203.392000  0.398440 -0.172354 -2.462019
205.426100  0.392071 -0.186388 -2.462019
207.460200  0.385209 -0.200187 -2.462019
209.494300  0.377860 -0.213734 -2.462019
211.528400  0.370036 -0.227011 -2.462019
213.562500  0.361745 -0.240002 -2.462019
215.596600  0.352999 -0.252691 -2.462019
217.630700  0.343807 -0.265061 -2.462019
219.664800  0.334182 -0.277097 -2.462019
221.698900  0.324136 -0.288784 -2.462019
223.733000  0.313682 -0.300107 -2.462019
225.767000  0.302833 -0.311051 -2.462019
227.801100  0.291601 -0.321604 -2.462019
229.835200  0.280003 -0.331752 -2.462019
231.869300  0.268051 -0.341481 -2.462019
233.903400  0.255761 -0.350780 -2.462019
235.937500  0.243150 -0.359637 -2.462019
237.971600  0.230231 -0.368041 -2.462019
240.005700  0.217023 -0.375981 -2.462019
242.039800  0.203541 -0.383447 -2.462019
244.073900  0.189802 -0.390430 -2.462019
246.108000  0.175825 -0.396921 -2.462019
248.142000  0.161626 -0.402911 -2.462019
250.176100  0.147223 -0.408394 -2.462019
252.210200  0.132635 -0.413362 -2.462019
254.244300  0.117879 -0.417810 -2.462019
256.278400  0.102975 -0.421731 -2.462019
258.312500  0.087941 -0.425120 -2.462019
260.346600  0.072797 -0.427973 -2.462019
262.380700  0.057560 -0.430288 -2.462019
264.414800  0.042251 -0.432059 -2.462019
266.448900  0.026889 -0.433287 -2.462019
268.483000  0.011493 -0.433968 -2.462019
270.517000  -0.003917 -0.434103 -2.462019
272.551100  -0.019323 -0.433690 -2.462019
274.585200  -0.034704 -0.432731 -2.462019
276.619300  -0.050042 -0.431227 -2.462019
278.653400  -0.065316 -0.429179 -2.462019
280.687500  -0.080509 -0.426590 -2.462019
282.721600  -0.095599 -0.423463 -2.462019
284.755700  -0.110570 -0.419803 -2.462019
286.789800  -0.125401 -0.415614 -2.462019
288.823900  -0.140074 -0.410901 -2.462019
290.858000  -0.154570 -0.405671 -2.462019
292.892000  -0.168871 -0.399929 -2.462019
294.926100  -0.182960 -0.393683 -2.462019
296.960200  -0.196818 -0.386941 -2.462019
298.994300  -0.210428 -0.379711 -2.462019
301.028400  -0.223773 -0.372003 -2.462019
303.062500  -0.236836 -0.363826 -2.462019
305.096600  -0.249600 -0.355190 -2.462019
307.130700  -0.262050 -0.346107 -2.462019
309.164800  -0.274170 -0.336588 -2.462019
311.198900  -0.285944 -0.326644 -2.462019
313.233000  -0.297358 -0.316289 -2.462019
315.267000  -0.308397 -0.305536 -2.462019
317.301100  -0.319047 -0.294397 -2.462019
319.335200  -0.329295 -0.282887 -2.462019
321.369300  -0.339129 -0.271021 -2.462019
323.403400  -0.348535 -0.258813 -2.462019
325.437500  -0.357502 -0.246279 -2.462019
327.471600  -0.366018 -0.233434 -2.462019
329.505700  -0.374073 -0.220296 -2.462019
331.539800  -0.381656 -0.206879 -2.462019
333.573900  -0.388759 -0.193202 -2.462019
335.608000  -0.395371 -0.179282 -2.462019
337.642000  -0.401485 -0.165136 -2.462019
339.676100  -0.407094 -0.150782 -2.462019
341.710200  -0.412189 -0.136237 -2.462019
343.744300  -0.416765 -0.121521 -2.462019
345.778400  -0.420816 -0.106652 -2.462019
347.812500  -0.424336 -0.091648 -2.462019
349.846600  -0.427322 -0.076529 -2.462019
351.880700  -0.429769 -0.061313 -2.462019
353.914800  -0.431674 -0.046020 -2.462019
355.948900  -0.433036 -0.030669 -2.462019
357.983000  -0.433851 -0.015279 -2.462019
359.000000  -0.434054 -0.007576 -2.462019
